[gd_scene load_steps=20 format=3 uid="uid://m4lj7sdhifdr"]

[ext_resource type="PackedScene" uid="uid://da41l5jqpvium" path="res://addons/kaykit_character_pack_adventures/Characters/gltf/Rogue.glb" id="1_qcl0m"]
[ext_resource type="Script" path="res://scripts/CameraRig.gd" id="2_1rhug"]
[ext_resource type="Script" path="res://scripts/PlayerController.gd" id="2_cyjln"]

[sub_resource type="CapsuleShape3D" id="CapsuleShape3D_dbtrs"]

[sub_resource type="AnimationNodeAnimation" id="AnimationNodeAnimation_lwdri"]
animation = &"Unarmed_Melee_Attack_Punch_A"

[sub_resource type="AnimationNodeAnimation" id="AnimationNodeAnimation_8d8lu"]
animation = &"Idle"

[sub_resource type="AnimationNodeAnimation" id="AnimationNodeAnimation_snix7"]
animation = &"Jump_Full_Short"

[sub_resource type="AnimationNodeAnimation" id="AnimationNodeAnimation_al6or"]
animation = &"Running_A"

[sub_resource type="AnimationNodeStateMachineTransition" id="AnimationNodeStateMachineTransition_jogun"]
advance_mode = 2

[sub_resource type="AnimationNodeStateMachineTransition" id="AnimationNodeStateMachineTransition_dfnbo"]
xfade_time = 0.2

[sub_resource type="AnimationNodeStateMachineTransition" id="AnimationNodeStateMachineTransition_wegan"]
xfade_time = 0.2

[sub_resource type="AnimationNodeStateMachineTransition" id="AnimationNodeStateMachineTransition_eef2t"]
xfade_time = 0.2

[sub_resource type="AnimationNodeStateMachineTransition" id="AnimationNodeStateMachineTransition_hbesx"]
xfade_time = 0.2
switch_mode = 2
advance_mode = 2

[sub_resource type="AnimationNodeStateMachineTransition" id="AnimationNodeStateMachineTransition_rxeps"]
xfade_time = 0.2
switch_mode = 2
advance_mode = 2

[sub_resource type="AnimationNodeStateMachineTransition" id="AnimationNodeStateMachineTransition_k0lgb"]

[sub_resource type="AnimationNodeStateMachineTransition" id="AnimationNodeStateMachineTransition_tw7f5"]

[sub_resource type="AnimationNodeStateMachineTransition" id="AnimationNodeStateMachineTransition_cjbb0"]
xfade_time = 0.2

[sub_resource type="AnimationNodeStateMachineTransition" id="AnimationNodeStateMachineTransition_p4dw2"]
xfade_time = 0.2

[sub_resource type="AnimationNodeStateMachine" id="AnimationNodeStateMachine_334im"]
states/Attack/node = SubResource("AnimationNodeAnimation_lwdri")
states/Attack/position = Vector2(430, 211)
states/End/position = Vector2(659, 100)
states/Idle/node = SubResource("AnimationNodeAnimation_8d8lu")
states/Idle/position = Vector2(184, 211)
states/Jump/node = SubResource("AnimationNodeAnimation_snix7")
states/Jump/position = Vector2(301, 295)
states/Run/node = SubResource("AnimationNodeAnimation_al6or")
states/Run/position = Vector2(301, 124)
states/Start/position = Vector2(63, 211)
transitions = ["Start", "Idle", SubResource("AnimationNodeStateMachineTransition_jogun"), "Idle", "Run", SubResource("AnimationNodeStateMachineTransition_dfnbo"), "Idle", "Attack", SubResource("AnimationNodeStateMachineTransition_wegan"), "Idle", "Jump", SubResource("AnimationNodeStateMachineTransition_eef2t"), "Jump", "Idle", SubResource("AnimationNodeStateMachineTransition_hbesx"), "Attack", "Idle", SubResource("AnimationNodeStateMachineTransition_rxeps"), "Run", "Attack", SubResource("AnimationNodeStateMachineTransition_k0lgb"), "Attack", "Run", SubResource("AnimationNodeStateMachineTransition_tw7f5"), "Run", "Jump", SubResource("AnimationNodeStateMachineTransition_cjbb0"), "Run", "Idle", SubResource("AnimationNodeStateMachineTransition_p4dw2")]
graph_offset = Vector2(-576, 92)

[node name="Player" instance=ExtResource("1_qcl0m")]
axis_lock_angular_x = true
axis_lock_angular_z = true
script = ExtResource("2_cyjln")

[node name="Skeleton3D" parent="Rig" index="0"]
bones/1/position = Vector3(0, 0.387399, 0)
bones/1/rotation = Quaternion(-1.11123e-10, 0.0431578, 2.57241e-09, 0.999068)
bones/4/rotation = Quaternion(-0.558376, -0.0596947, -0.64182, 0.522225)
bones/5/rotation = Quaternion(2.82802e-08, -5.44186e-08, -0.500884, 0.865515)
bones/7/rotation = Quaternion(-0.321397, -0.328269, 0.147435, 0.875903)
bones/8/rotation = Quaternion(0.000184871, 0.000184858, -0.706428, 0.707785)
bones/10/rotation = Quaternion(-0.616717, 0.0796878, 0.616289, 0.483217)
bones/11/rotation = Quaternion(2.55337e-08, 5.13054e-08, 0.523847, 0.851812)
bones/13/rotation = Quaternion(-0.319805, 0.30376, -0.229193, 0.867713)
bones/14/rotation = Quaternion(0.000519212, 0.000611553, 0.706568, 0.707644)
bones/19/rotation = Quaternion(-5.8061e-11, -0.0313416, -1.88013e-09, 0.999509)
bones/21/rotation = Quaternion(0.993183, 0.0832628, 0.0750227, 0.03205)
bones/22/rotation = Quaternion(0.25056, 6.41126e-08, -1.75066e-07, 0.968101)
bones/23/rotation = Quaternion(-0.546126, -0.207741, 0.0521179, 0.80986)
bones/25/rotation = Quaternion(0.996219, -0.0303408, 0.0311088, 0.0752299)
bones/26/rotation = Quaternion(0.315648, -6.33432e-08, 2.19639e-07, 0.948876)
bones/27/rotation = Quaternion(-0.58119, 0.1142, -0.0121273, 0.805624)
bones/28/rotation = Quaternion(3.04797e-08, 0.920355, -0.391084, -6.94849e-08)
bones/29/rotation = Quaternion(0.707107, -2.29302e-07, -4.60551e-08, 0.707107)
bones/30/position = Vector3(0.202182, 0.0259903, 0.205181)
bones/30/rotation = Quaternion(-0.707107, -7.05285e-08, -7.05285e-08, 0.707107)
bones/31/rotation = Quaternion(9.65792e-09, 1.77955e-09, 0.985719, -0.168398)
bones/32/rotation = Quaternion(-1.04035e-07, 0.391084, 0.920355, -2.9526e-08)
bones/34/rotation = Quaternion(1, -3.10863e-15, 1.94707e-07, -6.91739e-22)
bones/36/rotation = Quaternion(0.707107, -3.82385e-08, 1.45009e-07, 0.707107)
bones/37/rotation = Quaternion(-0.707107, -7.05285e-08, -7.05285e-08, 0.707107)
bones/38/rotation = Quaternion(-5.83589e-09, 6.43837e-10, 0.994809, 0.101756)
bones/39/rotation = Quaternion(-1.04035e-07, 0.391084, 0.920355, -2.95261e-08)
bones/44/position = Vector3(0.520841, 0.786161, -0.0576373)
bones/44/rotation = Quaternion(0.794627, -1.11759e-07, 0.607098, -5.96046e-08)
bones/46/position = Vector3(-0.510844, 0.786161, 0.0597369)
bones/46/rotation = Quaternion(-0.758253, -1.52737e-07, 0.651961, -1.11759e-08)

[node name="Knife_Offhand" parent="Rig/Skeleton3D" index="0"]
transform = Transform3D(-6.69146e-08, 0.262864, 0.964832, 0.999997, -0.00191848, 0.000523048, 0.00198878, 0.96483, -0.262863, 0.507688, 0.634692, -0.0181577)
visible = false
bone_idx = 9

[node name="1H_Crossbow" parent="Rig/Skeleton3D" index="1"]
transform = Transform3D(0.98846, -0.151476, 0.00035809, 0.000128867, -0.00152154, -0.999998, 0.151476, 0.988459, -0.00148464, -0.48937, 0.743731, 0.0968747)
visible = false
bone_idx = 15

[node name="2H_Crossbow" parent="Rig/Skeleton3D" index="2"]
transform = Transform3D(0.98846, -0.151476, 0.00035809, 0.000128867, -0.00152154, -0.999998, 0.151476, 0.988459, -0.00148464, -0.48937, 0.743731, 0.0968747)
visible = false
bone_idx = 16

[node name="Knife" parent="Rig/Skeleton3D" index="3"]
transform = Transform3D(-0.000358086, -0.151475, 0.98846, 0.999998, -0.00152139, 0.000128885, 0.00148449, 0.988459, 0.151476, -0.490902, 0.639087, 0.106958)
visible = false
bone_idx = 17

[node name="Throwable" parent="Rig/Skeleton3D" index="4"]
transform = Transform3D(-0.00035807, -0.151475, 0.98846, 0.999998, -0.00152137, 0.000128872, 0.00148448, 0.988459, 0.151476, -0.518205, 0.638813, 0.285124)
visible = false
bone_idx = 18

[node name="Rogue_Cape" parent="Rig/Skeleton3D" index="5"]
transform = Transform3D(0.996275, -5.14962e-09, 0.0862353, 5.13043e-09, 1, 4.44077e-10, -0.0862353, 1.8939e-15, 0.996275, -4.17227e-09, 1.19761, 1.53446e-15)
bone_idx = 20

[node name="CollisionShape3D" type="CollisionShape3D" parent="." index="2"]
transform = Transform3D(1, 0, 0, 0, 1, 0, 0, 0, 1, 0, 1, 0)
shape = SubResource("CapsuleShape3D_dbtrs")

[node name="CamRig" type="Node3D" parent="." index="3"]
script = ExtResource("2_1rhug")
upperRotLimit = -0.5

[node name="SpringArm3D" type="SpringArm3D" parent="CamRig" index="0"]
transform = Transform3D(1, 0, 0, 0, 1, 0, 0, 0, 1, 0, 2.28401, 0)
spring_length = 5.0

[node name="Camera3D" type="Camera3D" parent="CamRig/SpringArm3D" index="0"]

[node name="AnimationTree" type="AnimationTree" parent="." index="4"]
tree_root = SubResource("AnimationNodeStateMachine_334im")
anim_player = NodePath("../AnimationPlayer")
active = true
